666 564 20 11
668 574 27 14
685 567 6 7
670 587 23 3
672 589 13 10
666 592 13 13
658 596 19 33
653 597 15 36
611 599 44 23
630 620 23 5
333 655 104 112
327 665 23 104
320 675 8 92
322 670 6 7
316 681 6 81
310 690 7 73
304 695 6 64
298 700 6 12
293 720 11 24
290 729 5 6
340 634 103 29
337 630 112 22
537 579 26 41
528 585 26 40
520 592 23 39
451 596 84 37
447 600 74 36
407 611 102 38
563 582 9 38
572 591 5 35
577 596 16 20
592 598 21 18
576 614 12 13
466 647 48 9
470 655 48 17
498 670 14 8
483 670 8 5
438 607 14 4
401 611 7 19
393 615 42 207
388 621 6 201
382 626 6 194
354 766 89 55
342 804 14 6
336 792 18 13
297 743 12 10
350 764 8 12
436 693 7 92
442 712 8 76
448 716 8 70
456 724 5 30
461 731 6 19
467 736 7 11
455 764 7 19
462 780 8 3
396 819 38 7
442 795 17 32
434 818 10 7
459 802 11 25
469 809 26 20
0 0 0 0
0 0 0 0
0 0 0 0
0 0 0 0
0 0 0 0
0 0 0 0
0 0 0 0
0 0 0 0