56 86 270 110
277 29 61 136
265 35 98 97
260 43 88 114
362 35 13 67
206 55 190 35
197 59 10 26
374 39 9 17
189 66 17 21
180 71 11 15
383 48 7 8
395 54 15 26
408 63 9 15
268 194 24 14
64 195 204 9
73 202 140 9
172 75 12 11
160 80 18 7
82 209 126 8
86 216 105 5
117 219 53 7
95 219 23 6
118 224 43 6
126 226 30 9
128 232 11 7
213 202 9 6
207 210 6 4
202 216 5 4
59 76 28 10
28 105 28 67
84 80 15 6
63 68 15 10
47 87 13 18
40 95 18 10
34 172 22 8
39 179 17 5
17 147 22 9
49 183 9 7
23 154 7 12
25 116 6 12