450 100 250 260
360 134 370 24
427 69 35 256
348 157 79 127
374 103 53 218
336 168 28 111
293 206 45 29
285 217 23 11
303 233 33 30
297 234 9 6
699 127 11 41
729 141 9 17
738 151 5 5
645 57 22 320
638 61 43 309
440 168 263 153
839 275 18 36
857 277 6 27
825 279 16 18
817 287 11 8
700 288 102 73
701 193 58 101
702 183 9 10
458 70 42 321
499 75 26 316
681 72 10 28
691 81 5 19
696 90 6 10
627 70 44 302
574 77 71 308
746 253 15 121
760 261 6 111
766 268 8 106
774 275 8 109
738 283 54 91
802 290 17 23
802 313 11 32
778 359 27 32
784 389 21 5
709 356 29 10
566 83 65 306
499 354 125 40
523 90 170 276
524 79 16 319
418 80 10 23
410 87 9 16
385 91 25 12
318 262 21 12
351 282 23 9
360 287 25 9
367 294 12 10
374 318 28 8
385 324 14 4
393 326 5 10
430 325 20 37
416 342 14 6
427 352 6 4
450 357 8 11
451 377 8 15
506 392 113 5
691 359 10 5
726 364 12 10
539 85 8 6
435 356 15 7