233 348 175 90
224 210 46 155
215 216 65 100
401 336 7 15
413 330 7 7
408 332 7 8
249 434 51 26
207 224 51 50
184 227 25 10
188 237 25 12
192 248 25 7
377 437 46 75
371 497 7 15
367 506 7 10
407 413 7 40
407 351 7 40
413 351 6 22
406 390 4 20
198 254 30 22
194 263 5 5
413 419 6 30
321 425 105 20
330 430 104 19
348 438 90 17
365 454 75 13
358 445 75 13
438 446 10 13
438 446 10 13
279 228 7 120
285 237 5 111
293 250 5 105
289 243 4 105
298 270 14 79
312 280 12 68
323 283 11 66
334 289 9 66
343 293 8 55
350 300 9 50
359 311 7 37
365 328 9 20
373 336 16 12
202 293 16 7
202 293 16 7
208 290 9 19
215 314 64 49
227 363 7 49
227 365 6 41
220 383 10 13
208 334 7 25
205 342 8 7
218 428 15 8
226 425 10 19
235 437 8 13
242 437 8 18
421 467 5 14
299 437 5 5
313 436 8 5